11	0	[97, 0] # RESUME
12	2	[116, 0]
	4	[0, 0]
13	6	[0, 0]
	8	[0, 0, 0, 0, 0, 0, 32, 0, 32, 0, 32, 0]
	20	[50, 0]
	22	[0, 2, 32, 0, 32, 0, 32, 0, 32, 0, 32, 0]
	34	[98, 1] # LOAD_FAST, 'seed'
	36	[0, 1, 32, 0]
	40	[142, 1, 32, 0, 32, 0, 32, 0, 32, 0] # CALL, ks()
	50	[98, 0] # LOAD_FAST, 's'
	52	[0, 2, 32, 0]
	56	[142, 2, 32, 0, 32, 0, 32, 0, 32, 0] # CALL, zip()
	66	[31, 0] # GET_ITER
	68	[0, 29] # FOR_ITER
	70	[166, 2, 0, 0] # STORE_FAST, 'r'
	74	[166, 3] # STORE_FAST, 'x'
	76	[0, 0]
14	78	[98, 2] # LOAD_FAST, 'r'
	80	[146, 2, 32, 0, 32, 0, 32, 0, 32, 0, 32, 0, 32, 0, 32, 0] # LOAD_METHOD
	96	[32, 0, 32, 0, 32, 0]
	102	[98, 3] # LOAD_FAST, 'x'
	104	[98, 4] # LOAD_FAST, 'y'
	106	[0, 12, 32, 0] # xor
	110	[0, 1, 32, 0]
	114	[142, 1, 32, 0, 32, 0, 32, 0, 32, 0] # CALL
	124	[1, 0]
	126	[123, 30] # JUMP_BACKWARD
16	128	[50, 0]
	130	[0, 6, 32, 0, 32, 0, 32, 0, 32, 0, 32, 0]
	142	[98, 2] # LOAD_FAST, 'r'
	144	[0, 1, 32, 0]
	148	[142, 1, 32, 0, 32, 0, 32, 0, 32, 0] # CALL
	158	[49, 0] # RETURN_VALUE



consts:
    None

varnames:
0    's'
1    'seed'
2    'r'
3    'x'
4    'y'

names:
    'zip'
    'ks'
    'append'
    'bytes'
