23	0	[97, 0] # RESUME
24	2	[96, 1] # LOAD_CONST  func w
	4	[99, 0] # MAKE_FUNCTION
	6	[166, 0]

# w = lambda m, i, j: (m >> (i * 10 + j)) & 1
24	0	[97, 0] # RESUME
25	2	[98, 0] # LOAD_FAST 'm'
	4	[98, 1] # LOAD_FAST 'i'
	6	[96, 1] # LOAD_CONST 10
	8	[0, 5, 32, 0] # *
	12	[98, 2] # LOAD_FAST 'j'
	14	[0, 0, 32, 0] # +
	18	[0, 9, 32, 0] # >>
	22	[96, 2] # LOAD_CONST 1
	24	[0, 1, 32, 0] # &
	28	[49, 0] # RETURN_VALUE
consts:
	None, 10, 1
varames:
	'm', 'i', 'j'


27	8	[0, 0]
	10	[166, 1] # STORE_FAST m
28	12	[0, 0]
	14	[166, 2] # STORE_FAST fuel
29	16	[0, 0]
	18	[166, 2, 0, 0] # STORE_FAST fuel
	22	[166, 3] # STORE_FAST x
	24	[0, 0]
30	26	[50, 0] # LOAD GLOBAL set
	28	[0, 0, 32, 0, 32, 0, 32, 0, 32, 0, 32, 0]
	40	[96, 5] # LOAD_CONST (5,4)
	42	[96, 6] # LOAD_CONST (3,3)
	44	[116, 2] # maybe PRECALL
	46	[0, 0, 0, 0]
	50	[0, 0, 0, 0, 0, 0, 32, 0, 32, 0]
	60	[166, 5] stops
31	62	[0, 0]
	64	[166, 6]
32	66	[0, 0]
33	68	[50, 0]
	70	[0, 2, 32, 0, 32, 0, 32, 0, 32, 0, 32, 0]
	82	[96, 9] # LOAD_CONST 'Fuel:'
	84	[98, 2] # LOAD_FAST 'fuel'
	86	[0, 2, 32, 0]
	90	[142, 2, 32, 0, 32, 0, 32, 0, 32, 0] # call print
	100	[1, 0]
34	102	[50, 0] # LOAD GLOBAL
	104	[0, 4, 32, 0, 32, 0, 32, 0, 32, 0, 32, 0] range
	116	[96, 10] # LOAD_CONST 10
	118	[0, 1, 32, 0]
	122	[142, 1, 32, 0, 32, 0, 32, 0, 32, 0]
	132	[31, 0] # GET ITER
	134	[0, 105]  # FOR ITER
	136	[166, 7] # STORE_FAST i
35	138	[0, 0]
	140	[166, 8] # STORE_FAST s
36	142	[0, 0]
	144	[0, 4, 32, 0, 32, 0, 32, 0, 32, 0, 32, 0]
	156	[96, 10] # LOAD_CONST 10
	158	[0, 1, 32, 0]
	162	[142, 1, 32, 0, 32, 0, 32, 0, 32, 0]
	172	[31, 0]
	174	[0, 68]
	176	[166, 9] # STORE_FAST j
37	178	[0, 0]
	180	[98, 0] # LOAD_FAST 'w'
	182	[98, 1] # LOAD_FAST 'm'
	184	[98, 7] # LOAD_FAST 'i'
	186	[98, 9] # LOAD_FAST 'j'
	188	[0, 3, 32, 0]
	192	[142, 3, 32, 0, 32, 0, 32, 0, 32, 0] # call
	202	[0, 6]
38	204	[98, 8] # LOAD_FAST 's'
	206	[96, 11] # LOAD_CONST  '🧱'
	208	[0, 13, 32, 0] # s += '🧱'
	212	[166, 8] # STORE_FAST 's'
	214	[0, 0]
39	216	[98, 9] # LOAD_FAST 'j'
	218	[98, 7] # LOAD_FAST 'i'
	220	[130, 2] # BUILD_TUPLE
	222	[98, 3] # LOAD_FAST 'x'
	224	[98, 4] # LOAD_FAST 'y'
	226	[130, 2] BUILD_TUPLE
	228	[104, 2, 32, 0, 32, 0] # COMPARE_OP i,j == x,y
	234	[0, 6]
40	236	[98, 8] # LOAD_FAST 's'
	238	[96, 12] # LOAD_CONST '🚓'
	240	[0, 13, 32, 0]
	244	[166, 8] STORE FAST 's'
	246	[0, 0]
41	248	[98, 9] # LOAD_FAST 'j'
	250	[98, 7] # LOAD_FAST 'i'
	252	[130, 2] BUILD_TUPLE
	254	[96, 13] # LOAD_CONST (8,8)
	256	[104, 2, 32, 0, 32, 0] # COMPARE_OP i,j == 8,8
	262	[0, 6]
42	264	[98, 8] # LOAD_FAST 's'
	266	[96, 14] # LOAD_CONST '🏁'
	268	[0, 13, 32, 0]
	272	[166, 8] # STORE_FAST 's'
	274	[0, 0]
43	276	[98, 9] # LOAD_FAST 'j'
	278	[98, 7] # LOAD_FAST 'i'
	280	[130, 2] BUILD_TUPLE
	282	[98, 5] # LOAD_FAST 'stops'
	284	[117, 0] # (i, j) in stops
	286	[0, 6]
44	288	[98, 8] # LOAD_FAST 's'
	290	[96, 15] # LOAD_CONST '⛽️'
	292	[0, 13, 32, 0]
	296	[166, 8] # STORE_FAST 's'
	298	[0, 0]
46	300	[98, 8] # LOAD_FAST 's'
	302	[96, 16] # LOAD_CONST '  '
	304	[0, 13, 32, 0]
	308	[166, 8] # STORE_FAST 's'
	310	[0, 0]
47	312	[50, 0] # LOAD_GLOBAL
	314	[0, 2, 32, 0, 32, 0, 32, 0, 32, 0, 32, 0]
	326	[98, 8] # LOAD_FAST 's'
	328	[0, 1, 32, 0]
	332	[142, 1, 32, 0, 32, 0, 32, 0, 32, 0] # call print
	342	[1, 0]
	344	[123, 106] # back
48	346	[50, 0] # LOAD_GLOBAL
	348	[0, 6, 32, 0, 32, 0, 32, 0, 32, 0, 32, 0]
	360	[0, 0, 32, 0]
	364	[142, 0, 32, 0, 32, 0, 32, 0, 32, 0] # call
	374	[146, 4, 32, 0, 32, 0, 32, 0, 32, 0, 32, 0, 32, 0, 32, 0] # LOAD_METHOD
	390	[32, 0, 32, 0, 32, 0]
	396	[0, 0, 32, 0]
	400	[142, 0, 32, 0, 32, 0, 32, 0, 32, 0]
	410	[166, 10] # STORE_FAST 'inp'
49	412	[0, 0]
	414	[31, 0] # GET_ITER
	416	[0, 171] # FOR_ITER
	418	[166, 11] # STORE_FAST 'c'
50	420	[0, 0]
	422	[98, 11] # LOAD_FAST 'c'
	424	[0, 13, 32, 0]
	428	[166, 6] # STORE_FAST log
51	430	[0, 0]
	432	[96, 17] # LOAD_CONST 'wasd'
	434	[117, 1] # in wasd
	436	[0, 16]
52	438	[50, 0] LOAD GLOBAL
	440	[0, 10, 32, 0, 32, 0, 32, 0, 32, 0, 32, 0]
	452	[96, 18] # LOAD_CONST 'Nope!'
	454	[0, 1, 32, 0]
	458	[142, 1, 32, 0, 32, 0, 32, 0, 32, 0] # fail
	468	[1, 0]
53	470	[98, 2] # LOAD_FAST 'fuel'
	472	[96, 19] # LOAD_CONST 0
	474	[104, 2, 32, 0, 32, 0] # COMPARE_OP fuel == 0
	480	[0, 16]
54	482	[50, 0] LOAD
	484	[0, 10, 32, 0, 32, 0, 32, 0, 32, 0, 32, 0]
	496	[96, 20] # LOAD_CONST 'Empty...'
	498	[0, 1, 32, 0]
	502	[142, 1, 32, 0, 32, 0, 32, 0, 32, 0]
	512	[1, 0]
55	514	[96, 21] # LOAD_CONST (0, -1)
	516	[96, 22] # LOAD_CONST (0, 1)
	518	[96, 23] # LOAD_CONST (-1, 0)
	520	[96, 24] # LOAD_CONST (1, 0)
	522	[96, 25] # LOAD_CONST ('w', 's', 'a', 'd')
	524	[92, 4]
	526	[0, 0]
	528	[82, 0, 32, 0, 32, 0, 32, 0, 32, 0] # binary subcur
	538	[166, 2, 0, 0] # STORE_FAST fuel
	542	[166, 12] # STORE FAST dx
	544	[0, 0]
56	546	[98, 3] # LOAD_FAST 'x'
	548	[98, 12] # LOAD_FAST 'dx'
	550	[0, 13, 32, 0] x+=dx
	554	[166, 3] # STORE_FAST x
57	556	[0, 0]
	558	[98, 13] # LOAD_FAST 'dy'
	560	[0, 13, 32, 0] y += dy
	564	[166, 4]  # STORE FAST y
58	566	[0, 0]
	568	[98, 0] # LOAD_FAST 'w'
	570	[98, 1] # LOAD_FAST 'm'
	572	[98, 4] # LOAD_FAST 'y'
	574	[98, 3] # LOAD_FAST 'x'
	576	[0, 3, 32, 0]
	580	[142, 3, 32, 0, 32, 0, 32, 0, 32, 0]
	590	[0, 16]
59	592	[50, 0]
	594	[0, 10, 32, 0, 32, 0, 32, 0, 32, 0, 32, 0]
	606	[96, 26] # LOAD_CONST 'Crash'
	608	[0, 1, 32, 0]
	612	[142, 1, 32, 0, 32, 0, 32, 0, 32, 0]
	622	[1, 0]
60	624	[98, 2] # LOAD_FAST 'fuel'
	626	[96, 27] # LOAD_CONST 1
	628	[0, 23, 32, 0] 	# fuel -= 1
	632	[166, 2] # STORE_FAST 'fuel'
61	634	[0, 0]
	636	[98, 4] # LOAD_FAST 'y'
	638	[130, 2]
	640	[98, 5] # LOAD_FAST 'stops'
	642	[117, 0]
	644	[0, 28]

62	646	[98, 5] # LOAD_FAST 'stops'
	648	[146, 6, 32, 0, 32, 0, 32, 0, 32, 0, 32, 0, 32, 0, 32, 0] # LOAD_METHOD
	664	[32, 0, 32, 0, 32, 0]
	670	[98, 3] # LOAD_FAST 'x'
	672	[98, 4] # LOAD_FAST 'y'
	674	[130, 2] # BUILD TUPLE
	676	[0, 1, 32, 0]
	680	[142, 1, 32, 0, 32, 0, 32, 0, 32, 0]
	690	[1, 0]
63	692	[98, 2] # LOAD_FAST 'fuel'
	694	[96, 28] # LOAD_CONST 15
	696	[0, 13, 32, 0]
	700	[166, 2]
64	702	[0, 0]
	704	[98, 4] # LOAD_FAST, 'y'
	706	[130, 2] # BUILD TUPLE
	708	[96, 13] # LOAD_CONST, (8, 8)
	710	[104, 2, 32, 0, 32, 0]
	716	[0, 20]
65	718	[50, 0]
	720	[0, 2, 32, 0, 32, 0, 32, 0, 32, 0, 32, 0]
	732	[96, 29] # LOAD_CONST, 'Nice!'
	734	[0, 1, 32, 0]
	738	[142, 1, 32, 0, 32, 0, 32, 0, 32, 0] # CALL, print
	748	[1, 0]
66	750	[98, 6] # LOAD_FAST, 'log'
	752	[149, 2]
	754	[1, 0]
	756	[49, 0] # RETURN_VALUE
64	758	[123, 172] # JUMP_BACKWARD
32	760	[114, 1, 123, 92]



names:
0    'set'
1    'print'
2    'range'
3    'input'
4    'strip'
5    'fail'
6    'remove'

varnames:
0     'w'
1     'm'
2     'fuel'
3     'x'
4     'y'
5     'stops'
6     'log'
7     'i'
8     's'
9     'j'
10    'inp'
11    'c'
12    'dx'
13    'dy'

consts:
0     None
1     <code object w at 0x7f2a96164ab0, file "/usr/local/google/home/xxxxxxxxx/yyyy/zzzzzzzzzzzzzzzz/xxxxxxxxxxx.py", line 24>
2     1267034045110727999721745963007
3     8
4     (1, 1)
5     (5, 4)
6     (3, 3)
7     ''
8     True
9     'Fuel:'
10    10
11    '🧱'
12    '🚓'
13    (8, 8)
14    '🏁'
15    '⛽️'
16    '  '
17    'wasd'
18    'Nope!'
19    0
20    'Empty...'
21    (0, -1)
22    (0, 1)
23    (-1, 0)
24    (1, 0)
25    ('w', 's', 'a', 'd')
26    'Crash!'
27    1
28    15
29    'Nice!'


