96	0	[97, 0] # RESUME
97	2	[50, 0]
	4	[0, 0, 32, 0, 32, 0, 32, 0, 32, 0, 32, 0]
	16	[96, 1] # LOAD_CONST, 'Speed typing game.'
	18	[0, 1, 32, 0]
	22	[142, 1, 32, 0, 32, 0, 32, 0, 32, 0] # CALL, print
	32	[1, 0]
98	34	[50, 0]
	36	[0, 2, 32, 0, 32, 0, 32, 0, 32, 0, 32, 0]
	48	[0, 1, 32, 0, 32, 0, 32, 0, 32, 0]
	58	[0, 0, 32, 0]
	62	[142, 0, 32, 0, 32, 0, 32, 0, 32, 0] # CALL time.time()
	72	[166, 0] # STORE_FAST, 't'
99	74	[0, 0]
	76	[166, 1] # STORE_FAST, 'text'
104	78	[0, 0]
	80	[146, 2, 32, 0, 32, 0, 32, 0, 32, 0, 32, 0, 32, 0, 32, 0] # LOAD_METHOD
	96	[32, 0, 32, 0, 32, 0]
	102	[0, 0, 32, 0]
	106	[142, 0, 32, 0, 32, 0, 32, 0, 32, 0] # CALL
	116	[166, 2] # STORE_FAST, 'words'
105	118	[0, 0]
	120	[166, 3] # STORE_FAST, 'it'
106	122	[0, 0]
	124	[166, 4] # STORE_FAST, 'log'
107	126	[0, 0]
	128	[50, 0]
	130	[0, 6, 32, 0, 32, 0, 32, 0, 32, 0, 32, 0]
	142	[98, 2] # LOAD_FAST, 'words'
	144	[0, 1, 32, 0]
	148	[142, 1, 32, 0, 32, 0, 32, 0, 32, 0] # CALL
	158	[104, 3, 32, 0, 32, 0] # !=
	164	[0, 242]
108	166	[50, 0]
	168	[0, 0, 32, 0, 32, 0, 32, 0, 32, 0, 32, 0]
	180	[96, 5] # LOAD_CONST, '%0.2f seconds left.'
	182	[96, 6] # LOAD_CONST, 20
	184	[50, 0]
	186	[0, 2, 32, 0, 32, 0, 32, 0, 32, 0, 32, 0]
	198	[0, 1, 32, 0, 32, 0, 32, 0, 32, 0]
	208	[0, 0, 32, 0]
	212	[142, 0, 32, 0, 32, 0, 32, 0, 32, 0] # CALL time.time()
	222	[98, 0] # LOAD_FAST, 't'
	224	[0, 10, 32, 0] # -
	228	[0, 10, 32, 0] # -
	232	[0, 6, 32, 0] # %
	236	[0, 1, 32, 0] # PRECALL
	240	[142, 1, 32, 0, 32, 0, 32, 0, 32, 0] # CALL __mod__
	250	[1, 0]
109	252	[50, 0]
	254	[0, 0, 32, 0, 32, 0, 32, 0, 32, 0, 32, 0]
	266	[96, 7] # LOAD_CONST, '\x1b[32m'
	268	[96, 8] # LOAD_CONST, ' '
	270	[146, 4, 32, 0, 32, 0, 32, 0, 32, 0, 32, 0, 32, 0, 32, 0] # LOAD_METHOD
	286	[32, 0, 32, 0, 32, 0]
	292	[98, 2] # LOAD_FAST, 'words'
	294	[96, 0] # LOAD_CONST, None
	296	[98, 3] # LOAD_FAST, 'it'
	298	[136, 2]
	300	[82, 0, 32, 0, 32, 0, 32, 0, 32, 0] # BINARY_SUBSCR
	310	[0, 1, 32, 0] # PRECALL
	314	[142, 1, 32, 0, 32, 0, 32, 0, 32, 0] # CALL
	324	[137, 1]
	326	[96, 9] # LOAD_CONST, '\x1b[39m '
	328	[98, 2] # LOAD_FAST, 'words'
	330	[98, 3] # LOAD_FAST, 'it'
	332	[82, 0, 32, 0, 32, 0, 32, 0, 32, 0] # BINARY_SUBSCR
	342	[137, 1]
	344	[138, 4]
	346	[0, 1, 32, 0]
	350	[142, 1, 32, 0, 32, 0, 32, 0, 32, 0] # CALL, print
	360	[1, 0]
110	362	[50, 0]
	364	[0, 10, 32, 0, 32, 0, 32, 0, 32, 0, 32, 0]
	376	[0, 0, 32, 0]
	380	[142, 0, 32, 0, 32, 0, 32, 0, 32, 0] # CALL
	390	[166, 5] # STORE_FAST, 'inp'
111	392	[0, 0]
	394	[0, 2, 32, 0, 32, 0, 32, 0, 32, 0, 32, 0]
	406	[0, 1, 32, 0, 32, 0, 32, 0, 32, 0]
	416	[0, 0, 32, 0]
	420	[142, 0, 32, 0, 32, 0, 32, 0, 32, 0] # CALL time.time()
	430	[98, 0] # LOAD_FAST, 't'
	432	[96, 6] # LOAD_CONST, 20
	434	[0, 0, 32, 0]
	438	[104, 4, 32, 0, 32, 0] # >
	444	[0, 16]
112	446	[50, 0]
	448	[0, 12, 32, 0, 32, 0, 32, 0, 32, 0, 32, 0]
	460	[96, 10] # LOAD_CONST, 'Too slow!'
	462	[0, 1, 32, 0]
	466	[142, 1, 32, 0, 32, 0, 32, 0, 32, 0] # CALL
	476	[1, 0]
113	478	[98, 5] # LOAD_FAST, 'inp'
	480	[98, 2] # LOAD_FAST, 'words'
	482	[98, 3] # LOAD_FAST, 'it'
	484	[82, 0, 32, 0, 32, 0, 32, 0, 32, 0] # BINARY_SUBSCR
	494	[104, 2, 32, 0, 32, 0] # ==
	500	[0, 38]
114	502	[98, 4] # LOAD_FAST, 'log'
	504	[98, 2] # LOAD_FAST, 'words'
	506	[98, 3] # LOAD_FAST, 'it'
	508	[82, 0, 32, 0, 32, 0, 32, 0, 32, 0] # ??? # BINARY_SUBSCR
	518	[146, 7, 32, 0, 32, 0, 32, 0, 32, 0, 32, 0, 32, 0, 32, 0] # LOAD_METHOD
	534	[32, 0, 32, 0, 32, 0]
	540	[0, 0, 32, 0]
	544	[142, 0, 32, 0, 32, 0, 32, 0, 32, 0] # CALL
	554	[96, 4] # LOAD_CONST, '_'
	556	[0, 0, 32, 0]
	560	[0, 13, 32, 0]
	564	[166, 4] # STORE_FAST, 'log'
115	566	[0, 0]
	568	[96, 3] # LOAD_CONST, 1
	570	[0, 13, 32, 0]
	574	[166, 3] # STORE_FAST, 'it'
	576	[0, 0]
117	578	[50, 0]
	580	[0, 12, 32, 0, 32, 0, 32, 0, 32, 0, 32, 0]
	592	[96, 11] # LOAD_CONST, 'You made a mistake!'
	594	[0, 1, 32, 0]
	598	[142, 1, 32, 0, 32, 0, 32, 0, 32, 0] # CALL
	608	[1, 0]
107	610	[98, 3] # LOAD_FAST, 'it'
	612	[50, 0]
	614	[0, 6, 32, 0, 32, 0, 32, 0, 32, 0, 32, 0]
	626	[98, 2] # LOAD_FAST, 'words'
	628	[0, 1, 32, 0]
	632	[142, 1, 32, 0, 32, 0, 32, 0, 32, 0] # CALL
	642	[104, 3, 32, 0, 32, 0] # !=
	648	[175, 242] # POP_JUMP_BACKWARD_IF_TRUE
118	650	[50, 0]
	652	[0, 0, 32, 0, 32, 0, 32, 0, 32, 0, 32, 0]
	664	[96, 12] # LOAD_CONST, 'Nice!'
	666	[0, 1, 32, 0]
	670	[142, 1, 32, 0, 32, 0, 32, 0, 32, 0] # CALL
	680	[1, 0]
119	682	[98, 4] # LOAD_FAST, 'log'
	684	[49, 0]


consts:
0    None
1    'Speed typing game.'
2    '\n  Text: Because of its performance advantage, today many language implementations\n  execute a program in two phases, first compiling the source code into bytecode,\n  and then passing the bytecode to the virtual machine.\n  '
3    1
4    '_'
5    '%0.2f seconds left.'
6    20
7    '\x1b[32m'
8    ' '
9    '\x1b[39m '
10    'Too slow!'
11    'You made a mistake!'
12    'Nice!'

varnames:
0    't'
1    'text'
2    'words'
3    'it'
4    'log'
5    'inp'

names:
0    'print'
1    'time'
2    'split'
3    'len'
4    'join'
5    'input'
6    'fail'
7    'upper'

