123	0	[97, 0] # RESUME
124	2	[50, 0]
	4	[0, 0, 32, 0, 32, 0, 32, 0, 32, 0, 32, 0]
	16	[96, 1] # LOAD_CONST, 'Pass 3 tests to prove your worth!'
	18	[0, 1, 32, 0]
	22	[142, 1, 32, 0, 32, 0, 32, 0, 32, 0] # CALL
	32	[1, 0]
125	34	[96, 2] # LOAD_CONST, 'seed:'
	36	[166, 0] # STORE_FAST, 'seed'
127	38	[0, 0]
	40	[50, 0]
	42	[0, 2, 32, 0, 32, 0, 32, 0, 32, 0, 32, 0]
	54	[0, 0, 32, 0]
	58	[142, 0, 32, 0, 32, 0, 32, 0, 32, 0] # CALL
	68	[96, 3] # LOAD_CONST, ':'
	70	[0, 0, 32, 0] # +
	74	[0, 13, 32, 0] # +=
	78	[166, 0] # STORE_FAST, 'seed'
128	80	[0, 0]
	82	[0, 0, 32, 0, 32, 0, 32, 0, 32, 0, 32, 0]
	94	[98, 0] # LOAD_FAST, 'seed'
	96	[0, 1, 32, 0]
	100	[142, 1, 32, 0, 32, 0, 32, 0, 32, 0] # CALL
	110	[1, 0]
130	112	[98, 0] # LOAD_FAST, 'seed'
	114	[50, 0]
	116	[0, 4, 32, 0, 32, 0, 32, 0, 32, 0, 32, 0]
	128	[0, 0, 32, 0]
	132	[142, 0, 32, 0, 32, 0, 32, 0, 32, 0] # CALL
	142	[96, 3] # LOAD_CONST, ':'
	144	[0, 0, 32, 0] # +
	148	[0, 13, 32, 0] # +=
	152	[166, 0] # STORE_FAST, 'seed'
131	154	[0, 0]
	156	[0, 0, 32, 0, 32, 0, 32, 0, 32, 0, 32, 0]
	168	[98, 0] # LOAD_FAST, 'seed'
	170	[0, 1, 32, 0]
	174	[142, 1, 32, 0, 32, 0, 32, 0, 32, 0] # CALL
	184	[1, 0]
133	186	[98, 0] # LOAD_FAST, 'seed'
	188	[50, 0]
	190	[0, 6, 32, 0, 32, 0, 32, 0, 32, 0, 32, 0]
	202	[0, 0, 32, 0]
	206	[142, 0, 32, 0, 32, 0, 32, 0, 32, 0] # CALL
	216	[0, 13, 32, 0] # +=
	220	[166, 0] # STORE_FAST, 'seed'
134	222	[0, 0]
	224	[0, 0, 32, 0, 32, 0, 32, 0, 32, 0, 32, 0]
	236	[98, 0] # LOAD_FAST, 'seed'
	238	[0, 1, 32, 0]
	242	[142, 1, 32, 0, 32, 0, 32, 0, 32, 0] # CALL, print(seed)
	252	[1, 0]
135	254	[50, 0]
	256	[0, 0, 32, 0, 32, 0, 32, 0, 32, 0, 32, 0]
	268	[0, 0, 32, 0]
	272	[142, 0, 32, 0, 32, 0, 32, 0, 32, 0] # CALL, print()
	282	[1, 0]
136	284	[50, 0]
	286	[0, 0, 32, 0, 32, 0, 32, 0, 32, 0, 32, 0]
	298	[96, 4] # LOAD_CONST, "You can drive to work,
	300	[0, 1, 32, 0]
	304	[142, 1, 32, 0, 32, 0, 32, 0, 32, 0] # CALL
	314	[1, 0]
137	316	[50, 0]
	318	[0, 0, 32, 0, 32, 0, 32, 0, 32, 0, 32, 0]
	330	[96, 5] # LOAD_CONST, 'Your sign-on bonus:'
	332	[50, 0]
	334	[0, 8, 32, 0, 32, 0, 32, 0, 32, 0, 32, 0]
	346	[96, 6] # LOAD_CONST, b'\xa0?n\xa5\x7f)\x1f6
	348	[98, 0] # LOAD_FAST, 'seed'
	350	[0, 2, 32, 0]
	354	[142, 2, 32, 0, 32, 0, 32, 0, 32, 0] # CALL, cry
	364	[146, 5, 32, 0, 32, 0, 32, 0, 32, 0, 32, 0, 32, 0, 32, 0] # LOAD_METHOD
	380	[32, 0, 32, 0, 32, 0]
	386	[0, 0, 32, 0]
	390	[142, 0, 32, 0, 32, 0, 32, 0, 32, 0] # CALL, decode()
	400	[0, 2, 32, 0]
	404	[142, 2, 32, 0, 32, 0, 32, 0, 32, 0] # CALL, print
	414	[1, 0]
	416	[96, 0] # LOAD_CONST, None
	418	[49, 0]





consts:
0    None
1    'Pass 3 tests to prove your worth!'
2    'seed:'
3    ':'
4    "You can drive to work, know some maths and can type fast. You're hired!"
5    'Your sign-on bonus:'
6    b'\xa0?n\xa5\x7f)\x1f6Jvh\x95\xcc!\x1e\x95\x996a\x11\xf6OV\x88\xc1\x9f\xde\xb50\x9d\xae\x14\xde\x18YHI\xd8\xd5\x90\x8a\x181l\xb0\x16^O;]'

varnames:
    'seed'

names:
    'print'
    'game1'
    'game2'
    'game3'
    'cry'
    'decode'
